strategic_region={
	id=21
	name="STRATEGICREGION_21"
	provinces={
		7640 7641 7642 7643 7644 7645 7646 7647 7648 7649 7650 7651 7652 7653 7654 7655 7656 7657 7658 7659 7727 7728 7729 7730 7731 7732 7733 7734 7735 7736 7737 7738 7739 7740 7741 7742 7743 7744 7745 8043 8044 8045 8046 8047 8048 8049 8050 8051 8052 8151 8152 8153 8154 8155 8156 8157 8158 8159 8160 8161 8162 8163 8164 8165 8204 8205 8206 8207 8208 8209 8210 8211 8212 8213 8214 8215 8280 8281 8282 8283 8284 8285 8286 8287 8288 8289 8290 8291 8292 8293 8294 8295 8296 8297 8298 8299 8300 8301 8302 8303 8462 8463 8464 8465 8466 8467 8468 8469 8470 8471 8472 8473 8474 8631 8632 8633 8634 8635 8636 8637 8638 8639 8640 8641 8642 8643 8644 8645 8646 8647 8648 8649 8650 8651 8652 8653 8654 8655 8656 8657 8658 8659 8660 8661 8702 8703 8704 8705 8706 8707 8708 8709 8710 8711 8712 8713 8714 8715 8716 8717 8718 8719 8720 8721 8722 8723 8724 8725 8726 8727 8728 8729 8730 8731 8732 8733 8734 8735 8736 8737 8738 8739 8740 8741 8742 8743 8744 8745 8746 8747 8748 8749 8750 8751 8826 8827 8828 8829 8830 8831 8832 8833 8834 8835 8836 8837 8838 8839 8840 8841 8842 8843 8844 8845 8846 8847 9331 9332 9333 9334 9335 9336 9337 9338 9339 9340 9341 9342 9343 9344 9345 9346 9347 9348 9349 9350 9351 9352 9353 9354 9355 9356 9357 9358 9359 9397 9398 9399 9400 9401 9402 9403 9404 9405 9406 9407 9408 9409 9445 9446 9447 9448 9449 9450 9451 9452 9453 9454 9455 9456 9457 9458 9459 9460 9461 9462 9463 9464 9465 9466 9467 9468 9469 9592 9593 9594 9595 9596 9597 9598 9599 9600 9601 9602 9603 9739 9740 9741 9742 9743 9744 9745 9746 9747 9748 9749 9750 9751 9752 9753 9754 9755 9813 9814 9815 9816 9817 9818 9908 9909 9910 9911 9912 9953 9954 9955 9956 9957 9958 9959 9960 9961 9962 9963 9964 10013 10014 10015 10016 10017 10018 10019 10020 10021 10022 10023 10024 10025 10077 10078 10079 10080 10081 10082 10083 10084 10085 10086 10087 10088 10089 10090 10096 10097 10098 10099 10100 10124 10125 10126 10127 10128 10129 10130 10131 10132 10133 10134 10135 10136 10137 10138 10249 10250 10251 10252 10253 10254 10255 10256 10257 10258 10259 10260 10261 10262 10263 10264 10265 10266 10267 10268 10269 10270 10469 10470 10471 10472 10473 10474 10475 10476 10563 10564 10565 10566 10567 10568 10569 10570 10571 10572 10573 10574 10575 10576 10577 10578 10579 10580 10581 10582 10583 
	}
	
	weather={
		period={
			between={ 0.0 30.0 }
			temperature={ 25.00 38.00 }
			no_phenomenon=0.778014
			rain_light=0.078029
			rain_heavy=0.143958
			snow=0.000000
			blizzard=0.000000
			arctic_water=0.000
			mud=0.036594
			sandstorm=0.000000
			min_snow_level=0.000
		}
		period={
			between={ 0.1 27.1 }
			temperature={ 26.00 38.00 }
			no_phenomenon=0.778014
			rain_light=0.076377
			rain_heavy=0.145609
			snow=0.000000
			blizzard=0.000000
			arctic_water=0.000
			mud=0.036759
			sandstorm=0.000000
			min_snow_level=0.000
		}
		period={
			between={ 0.2 30.2 }
			temperature={ 26.00 39.00 }
			no_phenomenon=0.778014
			rain_light=0.074726
			rain_heavy=0.147260
			snow=0.000000
			blizzard=0.000000
			arctic_water=0.000
			mud=0.036925
			sandstorm=0.000000
			min_snow_level=0.000
		}
		period={
			between={ 0.3 29.3 }
			temperature={ 27.00 39.00 }
			no_phenomenon=0.778014
			rain_light=0.073075
			rain_heavy=0.148911
			snow=0.000000
			blizzard=0.000000
			arctic_water=0.000
			mud=0.037090
			sandstorm=0.000000
			min_snow_level=0.000
		}
		period={
			between={ 0.4 30.4 }
			temperature={ 27.00 40.00 }
			no_phenomenon=0.778014
			rain_light=0.071424
			rain_heavy=0.150562
			snow=0.000000
			blizzard=0.000000
			arctic_water=0.000
			mud=0.037255
			sandstorm=0.000000
			min_snow_level=0.000
		}
		period={
			between={ 0.5 29.5 }
			temperature={ 28.00 41.00 }
			no_phenomenon=0.778014
			rain_light=0.069773
			rain_heavy=0.152213
			snow=0.000000
			blizzard=0.000000
			arctic_water=0.000
			mud=0.037420
			sandstorm=0.000000
			min_snow_level=0.000
		}
		period={
			between={ 0.6 30.6 }
			temperature={ 29.00 41.00 }
			no_phenomenon=0.778014
			rain_light=0.068122
			rain_heavy=0.153864
			snow=0.000000
			blizzard=0.000000
			arctic_water=0.000
			mud=0.037585
			sandstorm=0.000000
			min_snow_level=0.000
		}
		period={
			between={ 0.7 30.7 }
			temperature={ 28.00 41.00 }
			no_phenomenon=0.778014
			rain_light=0.069773
			rain_heavy=0.152213
			snow=0.000000
			blizzard=0.000000
			arctic_water=0.000
			mud=0.037420
			sandstorm=0.000000
			min_snow_level=0.000
		}
		period={
			between={ 0.8 29.8 }
			temperature={ 27.00 40.00 }
			no_phenomenon=0.778014
			rain_light=0.071424
			rain_heavy=0.150562
			snow=0.000000
			blizzard=0.000000
			arctic_water=0.000
			mud=0.037255
			sandstorm=0.000000
			min_snow_level=0.000
		}
		period={
			between={ 0.9 30.9 }
			temperature={ 27.00 39.00 }
			no_phenomenon=0.778014
			rain_light=0.073075
			rain_heavy=0.148911
			snow=0.000000
			blizzard=0.000000
			arctic_water=0.000
			mud=0.037090
			sandstorm=0.000000
			min_snow_level=0.000
		}
		period={
			between={ 0.10 29.10 }
			temperature={ 26.00 39.00 }
			no_phenomenon=0.778014
			rain_light=0.074726
			rain_heavy=0.147260
			snow=0.000000
			blizzard=0.000000
			arctic_water=0.000
			mud=0.036925
			sandstorm=0.000000
			min_snow_level=0.000
		}
		period={
			between={ 0.11 30.11 }
			temperature={ 26.00 38.00 }
			no_phenomenon=0.778014
			rain_light=0.076377
			rain_heavy=0.145609
			snow=0.000000
			blizzard=0.000000
			arctic_water=0.000
			mud=0.036759
			sandstorm=0.000000
			min_snow_level=0.000
		}
		
	}
}
