strategic_region={
	id=22
	name="STRATEGICREGION_22"
	provinces={
		1314 1315 1316 1317 1318 1319 1320 1321 1322 1323 1324 1325 1326 1327 1328 1329 1330 1331 1332 1333 1334 1335 1336 1337 1437 1438 1439 1440 1441 1442 1443 1444 1445 1446 1447 1448 1449 1450 1451 1452 1453 1454 1455 1456 1457 1458 1459 1460 1461 1462 1463 1464 1465 1466 1538 1539 1540 1541 1542 1543 1544 1545 1546 1547 1548 1549 1550 1551 1552 1553 1554 1555 1556 1557 1558 1559 1560 1561 1562 1563 1564 1565 1566 1719 1720 1721 1722 1723 1724 1725 1726 1727 1791 1792 1793 1794 1795 1796 1797 1858 1859 1860 1861 1862 1863 1911 1912 1913 1914 1915 1916 1917 1918 1919 1920 1921 1922 1923 1924 1925 1926 1927 1928 1929 1930 1931 1932 1933 1934 1935 1936 1937 1938 1939 1940 1941 1942 1943 1944 1945 1946 2179 2180 2181 2182 2183 2184 2185 2186 2187 2188 2189 2190 2191 2192 2193 2194 2195 2196 2197 2198 2199 2200 2267 2268 2269 2270 2271 2272 2273 2274 2275 2276 2277 2278 2279 2280 2281 2282 2283 2284 2285 2286 2287 2288 2289 2290 2291 2292 2293 2294 2295 2296 2297 2298 2299 2355 2356 2357 2358 2359 2360 2361 2362 2385 2386 2387 2388 2389 2390 2391 2392 2393 2394 2395 2396 2397 2398 2435 2436 2437 2438 2439 2440 2441 2442 2443 2444 2477 2478 2479 2480 2481 2482 2483 2484 2485 2486 2487 2488 2489 2648 2649 2650 2651 2652 2653 2654 2655 2656 2657 2658 2659 2660 2747 2748 2749 2750 2751 2752 2753 2754 2755 2756 2757 2758 2759 2760 2761 2762 2763 2764 2765 2766 2767 2768 2769 2770 2771 2772 2773 2774 2924 2925 2926 2927 2928 2929 2930 2931 2932 2933 2934 2935 2936 2937 2938 2939 2940 2941 2942 2977 2978 2979 2980 2981 2982 2983 2984 2985 2986 2987 2988 2989 2990 3091 3092 3093 3094 3095 3096 3097 3098 3099 3100 3270 3271 3272 3273 3274 3275 3276 3277 3278 3279 3280 3281 3282 3283 3284 3285 3286 3287 3372 3373 3374 3375 3376 3377 3378 3379 3380 3381 3382 3383 3384 3385 3386 3387 3388 3389 3407 3408 3409 3410 3411 3412 3413 3414 3415 3416 3417 3418 3538 3539 3540 3541 3542 3543 3544 3545 3546 3547 3821 3822 3823 3824 3825 3826 3969 3970 3971 3972 3973 3974 3975 3976 3977 3978 3979 3980 3981 3982 3983 3984 3985 3986 3987 3988 3989 3990 3991 3992 3993 3994 3995 3996 3997 3998 3999 4000 4001 4002 4003 4086 4087 4088 4089 4090 4091 4092 4093 4094 4095 4096 4193 4194 4195 4196 4197 4198 4199 4200 4201 4202 4203 4204 4205 4206 4207 4208 4209 12172 
	}
	
	weather={
		period={
			between={ 0.0 30.0 }
			temperature={ 21.00 26.00 }
			no_phenomenon=0.743363
			rain_light=0.105562
			rain_heavy=0.151075
			snow=0.000000
			blizzard=0.000000
			arctic_water=0.000
			mud=0.040771
			sandstorm=0.000000
			min_snow_level=0.000
		}
		period={
			between={ 0.1 27.1 }
			temperature={ 19.00 24.00 }
			no_phenomenon=0.743363
			rain_light=0.113126
			rain_heavy=0.143511
			snow=0.000000
			blizzard=0.000000
			arctic_water=0.000
			mud=0.040015
			sandstorm=0.000000
			min_snow_level=0.000
		}
		period={
			between={ 0.2 30.2 }
			temperature={ 17.00 22.00 }
			no_phenomenon=0.743363
			rain_light=0.120689
			rain_heavy=0.135948
			snow=0.000000
			blizzard=0.000000
			arctic_water=0.000
			mud=0.039258
			sandstorm=0.000000
			min_snow_level=0.000
		}
		period={
			between={ 0.3 29.3 }
			temperature={ 15.00 20.00 }
			no_phenomenon=0.743363
			rain_light=0.128253
			rain_heavy=0.128384
			snow=0.000000
			blizzard=0.000000
			arctic_water=0.000
			mud=0.038502
			sandstorm=0.000000
			min_snow_level=0.000
		}
		period={
			between={ 0.4 30.4 }
			temperature={ 13.00 18.00 }
			no_phenomenon=0.743363
			rain_light=0.135817
			rain_heavy=0.120821
			snow=0.000000
			blizzard=0.000000
			arctic_water=0.000
			mud=0.037746
			sandstorm=0.000000
			min_snow_level=0.000
		}
		period={
			between={ 0.5 29.5 }
			temperature={ 11.00 15.00 }
			no_phenomenon=0.743363
			rain_light=0.143380
			rain_heavy=0.113257
			snow=0.000000
			blizzard=0.000000
			arctic_water=0.000
			mud=0.036989
			sandstorm=0.000000
			min_snow_level=0.000
		}
		period={
			between={ 0.6 30.6 }
			temperature={ 9.000 13.00 }
			no_phenomenon=0.743363
			rain_light=0.150944
			rain_heavy=0.105693
			snow=0.000000
			blizzard=0.000000
			arctic_water=0.000
			mud=0.036233
			sandstorm=0.000000
			min_snow_level=0.000
		}
		period={
			between={ 0.7 30.7 }
			temperature={ 11.00 15.00 }
			no_phenomenon=0.743363
			rain_light=0.143380
			rain_heavy=0.113257
			snow=0.000000
			blizzard=0.000000
			arctic_water=0.000
			mud=0.036989
			sandstorm=0.000000
			min_snow_level=0.000
		}
		period={
			between={ 0.8 29.8 }
			temperature={ 13.00 18.00 }
			no_phenomenon=0.743363
			rain_light=0.135817
			rain_heavy=0.120821
			snow=0.000000
			blizzard=0.000000
			arctic_water=0.000
			mud=0.037746
			sandstorm=0.000000
			min_snow_level=0.000
		}
		period={
			between={ 0.9 30.9 }
			temperature={ 15.00 20.00 }
			no_phenomenon=0.743363
			rain_light=0.128253
			rain_heavy=0.128384
			snow=0.000000
			blizzard=0.000000
			arctic_water=0.000
			mud=0.038502
			sandstorm=0.000000
			min_snow_level=0.000
		}
		period={
			between={ 0.10 29.10 }
			temperature={ 17.00 22.00 }
			no_phenomenon=0.743363
			rain_light=0.120689
			rain_heavy=0.135948
			snow=0.000000
			blizzard=0.000000
			arctic_water=0.000
			mud=0.039258
			sandstorm=0.000000
			min_snow_level=0.000
		}
		period={
			between={ 0.11 30.11 }
			temperature={ 19.00 24.00 }
			no_phenomenon=0.743363
			rain_light=0.113126
			rain_heavy=0.143511
			snow=0.000000
			blizzard=0.000000
			arctic_water=0.000
			mud=0.040015
			sandstorm=0.000000
			min_snow_level=0.000
		}
		
	}
}
