strategic_region={
	id=8
	name="STRATEGICREGION_8"
	provinces={
		1190 1191 1192 1193 1194 1195 1196 1197 1198 1199 1200 1201 1202 1203 1204 1205 1206 1207 1208 1209 1210 1211 1212 1213 1214 1215 1216 1217 1398 1399 1400 1401 1402 1403 1404 1405 1406 1407 1408 1409 1410 1411 1412 1413 1414 1415 1416 1417 1418 1419 1420 1421 1422 1423 1424 1425 1426 1427 1428 1429 1430 1431 1432 1433 1434 1435 1436 1884 1885 1886 1887 1888 1889 1890 1891 1892 1893 1894 1895 1896 1897 1898 1899 1900 1901 1902 1903 1904 1905 1906 1907 1908 1909 1910 2033 2034 2035 2036 2037 2038 2039 2040 2041 2042 2043 2044 2110 2111 2112 2113 2114 2115 2116 2117 2118 2119 2120 2121 2122 2123 2124 2125 2126 2127 2128 2129 2130 2131 2132 2133 2134 2300 2301 2302 2303 2304 2305 2306 2415 2416 2417 2418 2419 2420 2421 2422 2423 2424 2425 2426 2427 2428 2429 2430 2431 2432 2433 2434 2516 2517 2518 2519 2520 2521 2522 2523 2524 2525 2526 2527 2528 2529 2530 2531 2532 2533 2534 2540 2541 2542 2543 2544 2545 2546 2547 2548 2549 2550 2661 2662 2663 2664 2665 2666 2667 2668 2669 2670 2671 2672 2782 2783 2784 2785 2786 2787 2788 2789 2790 2791 2792 2793 2794 2795 2796 2797 2798 2799 2800 2801 2802 2803 2804 2805 2806 2807 2808 2809 2810 2811 2812 2813 3198 3199 3200 3201 3202 3203 3204 3205 3206 3207 3208 3209 3210 3211 3212 3213 3214 3215 3216 3217 3218 3219 3220 3221 3222 3223 3224 3225 3226 3227 3228 3229 3230 3231 3232 3233 3234 3235 3236 3237 3238 3239 3240 3241 3242 3243 3244 3245 3246 3247 3248 3303 3304 3305 3306 3307 3308 3309 3310 3311 3312 3313 3314 3315 3316 3317 3318 3319 3320 3321 3322 3323 3324 3325 3326 3327 3328 3329 3330 3331 3332 3333 3334 3335 3336 3337 3338 3339 3340 3440 3441 3442 3443 3444 3445 3446 3447 3448 3449 3450 3451 3452 3453 3454 3455 3456 3457 3458 3647 3648 3649 3650 3651 3652 3653 3654 3655 3656 3657 3658 3659 3660 3661 3662 3663 3664 3665 3666 3667 3668 3669 3670 3671 3672 3777 3778 3779 3780 3781 3782 3783 3784 3785 3786 4027 4028 4029 4030 4050 4051 4052 4053 4054 4055 4056 4057 4058 4059 4060 4061 4062 4063 4064 4065 4066 4067 4068 4069 4070 4071 4072 4073 4074 4210 4211 4212 4213 4214 4215 4216 4217 4218 4219 4220 4221 4222 
	}
	
	weather={
		period={
			between={ 0.0 30.0 }
			temperature={ 25.00 30.00 }
			no_phenomenon=0.702732
			rain_light=0.104776
			rain_heavy=0.192493
			snow=0.000000
			blizzard=0.000000
			arctic_water=0.000
			mud=0.048976
			sandstorm=0.000000
			min_snow_level=0.000
		}
		period={
			between={ 0.1 27.1 }
			temperature={ 20.00 24.00 }
			no_phenomenon=0.702732
			rain_light=0.129103
			rain_heavy=0.168165
			snow=0.000000
			blizzard=0.000000
			arctic_water=0.000
			mud=0.046543
			sandstorm=0.000000
			min_snow_level=0.000
		}
		period={
			between={ 0.2 30.2 }
			temperature={ 14.00 18.00 }
			no_phenomenon=0.702732
			rain_light=0.153431
			rain_heavy=0.143837
			snow=0.000000
			blizzard=0.000000
			arctic_water=0.000
			mud=0.044111
			sandstorm=0.000000
			min_snow_level=0.000
		}
		period={
			between={ 0.3 29.3 }
			temperature={ 8.000 13.00 }
			no_phenomenon=0.702732
			rain_light=0.177759
			rain_heavy=0.119509
			snow=0.000000
			blizzard=0.000000
			arctic_water=0.000
			mud=0.041678
			sandstorm=0.000000
			min_snow_level=0.000
		}
		period={
			between={ 0.4 30.4 }
			temperature={ 2.000 7.000 }
			no_phenomenon=0.702732
			rain_light=0.202087
			rain_heavy=0.095181
			snow=0.000000
			blizzard=0.000000
			arctic_water=0.000
			mud=0.039245
			sandstorm=0.000000
			min_snow_level=0.000
		}
		period={
			between={ 0.5 29.5 }
			temperature={ -3.00 1.000 }
			no_phenomenon=0.666077
			rain_light=0.226415
			rain_heavy=0.070853
			snow=0.036655
			blizzard=0.000000
			arctic_water=0.000
			mud=0.036812
			sandstorm=0.000000
			min_snow_level=0.000
		}
		period={
			between={ 0.6 30.6 }
			temperature={ -9.00 -5.00 }
			no_phenomenon=0.591564
			rain_light=0.250743
			rain_heavy=0.046525
			snow=0.085310
			blizzard=0.025857
			arctic_water=0.000
			mud=0.034379
			sandstorm=0.000000
			min_snow_level=0.000
		}
		period={
			between={ 0.7 30.7 }
			temperature={ -3.00 1.000 }
			no_phenomenon=0.666077
			rain_light=0.226415
			rain_heavy=0.070853
			snow=0.036655
			blizzard=0.000000
			arctic_water=0.000
			mud=0.036812
			sandstorm=0.000000
			min_snow_level=0.000
		}
		period={
			between={ 0.8 29.8 }
			temperature={ 2.000 7.000 }
			no_phenomenon=0.702732
			rain_light=0.202087
			rain_heavy=0.095181
			snow=0.000000
			blizzard=0.000000
			arctic_water=0.000
			mud=0.039245
			sandstorm=0.000000
			min_snow_level=0.000
		}
		period={
			between={ 0.9 30.9 }
			temperature={ 8.000 13.00 }
			no_phenomenon=0.702732
			rain_light=0.177759
			rain_heavy=0.119509
			snow=0.000000
			blizzard=0.000000
			arctic_water=0.000
			mud=0.041678
			sandstorm=0.000000
			min_snow_level=0.000
		}
		period={
			between={ 0.10 29.10 }
			temperature={ 14.00 18.00 }
			no_phenomenon=0.702732
			rain_light=0.153431
			rain_heavy=0.143837
			snow=0.000000
			blizzard=0.000000
			arctic_water=0.000
			mud=0.044111
			sandstorm=0.000000
			min_snow_level=0.000
		}
		period={
			between={ 0.11 30.11 }
			temperature={ 20.00 24.00 }
			no_phenomenon=0.702732
			rain_light=0.129103
			rain_heavy=0.168165
			snow=0.000000
			blizzard=0.000000
			arctic_water=0.000
			mud=0.046543
			sandstorm=0.000000
			min_snow_level=0.000
		}
		
	}
}
