#Jakubiak
2 2 1979 1976 
1 6 1648 1632 1640 1633 1665 1642 
1 10 1979 1516 1507 1518 1524 1505 1517 2223 2158 2155 
1 2 2400 3886 
1 11 2400 2405 2732 2731 2727 2729 1510 1978 1984 1981 1976 
1 2 1979 1981 
1 2 3886 3885 
1 4 4172 4176 4170 4158 
1 4 2471 2472 3565 3574 
1 3 2471 2475 4172 
1 5 2644 4153 4159 4148 4158 
1 2 2645 2644 
1 4 2166 4173 4154 2645 
1 7 2644 2642 3191 3188 3180 3186 2410 
2 4 4158 3569 3552 3563 
1 7 2410 2408 2403 2413 2728 2733 2729 
1 7 2166 2147 2141 2160 2138 2151 2155 
1 3 2201 2220 2208 
1 5 2201 1667 1675 1664 1633 
1 4 11737 1645 1676 1633 
1 4 2155 2207 2206 2233 
1 4 2220 2227 2219 2233 
1 8 1642 1657 1678 1671 1653 1504 1525 1505 
#============================================