1 19
1 70
1 121
1 124
1 148
1 236
1 249
1 346
1 376
1 408
1 454
1 508
1 564
1 740
1 804
1 831
1 896
1 913
1 939
1 964
1 978
1 992
1 1030
1 1056
1 1072
1 1137
1 1211
1 1239
1 1278
1 1295
1 1325
1 1340
1 1412
1 1449
1 1470
1 1560
1 1568
1 1637
1 1715
1 1737
1 1782
1 1805
1 1821
1 1879
1 1893
1 1930
1 1933
1 1960
1 2090
1 2123
1 2146
1 2194
1 2204
1 2254
1 2274
1 2313
1 2342
1 2374
1 2385
1 2424
1 2455
1 2511
1 2532
1 2550
1 2562
1 2605
1 2628
1 2657
1 2668
1 2694
1 2769
1 2783
1 2805
1 2838
1 2863
1 2886
1 2913
1 2928
1 2952
1 2990
1 3038
1 3053
1 3122
1 3152
1 3198
1 3253
1 3270
1 3297
1 3317
1 3336
1 3351
1 3375
1 3417
1 3425
1 3447
1 3492
1 3517
1 3549
1 3598
1 3609
1 3646
1 3659
1 3698
1 3734
1 3766
1 3796
1 3810
1 3880
1 3890
1 3926
1 3949
1 4000
1 4069
1 4095
1 4133
1 4203
1 4212
1 4253
1 4282
1 4348
1 4390
1 4440
1 4441
1 4460
1 4544
1 4607
1 4630
1 4714
1 4768
1 4841
1 4900
1 4930
1 4964
1 4998
1 5041
1 5055
1 5077
1 5132
1 5147
1 5209
1 5259
1 5296
1 5359
1 5380
1 5394
1 5414
1 5462
1 5505
1 5528
1 5592
1 5613
1 5630
1 5682
1 5726
1 5753
1 5841
1 5911
1 5935
1 5971
1 6088
1 6158
1 6166
1 6194
1 6271
1 6298
1 6307
1 6332
1 6338
1 6354
1 6404
1 6409
1 6437
1 6485
1 6502
1 6531
1 6549
1 6578
1 6583
1 6622
1 6687
1 6701
1 6715
1 6732
1 6775
1 6782
1 6884
1 6917
1 6939
1 6973
1 6987
1 7023
1 7052
1 7063
1 7086
1 7097
1 7128
1 7210
1 7251
1 7276
1 7346
1 7382
1 7396
1 7419
1 7440
1 7474
1 7519
1 7582
1 7623
1 7646
1 7666
1 7688
1 7704
1 7720
1 7735
1 7753
1 7768
1 7799
1 7821
1 7834
1 7927
1 7942
1 7965
1 7972
1 7988
1 8007
1 8018
1 8038
1 8043
1 8077
1 8105
1 8130
1 8160
1 8178
1 8209
1 8232
1 8249
1 8275
1 8287
1 8312
1 8351
1 8385
1 8393
1 8427
1 8432
1 8466
1 8480
1 8516
1 8518
1 8540
1 8560
1 8578
1 8595
1 8641
1 8663
1 8684
1 8726
1 8750
1 8757
1 8766
1 8811
1 8817
1 8843
1 8856
1 8869
1 8881
1 8934
1 8948
1 8959
1 8993
1 9015
1 9021
1 9052
1 9083
1 9111
1 9157
1 9169
1 9211
1 9228
1 9244
1 9258
1 9282
1 9289
1 9312
1 9323
1 9332
1 9353
1 9362
1 9382
1 9402
1 9417
1 9444
1 9467
1 9483
1 9523
1 9540
1 9572
1 9597
1 9610
1 9647
1 9668
1 9680
1 9714
1 9730
1 9739
1 9803
1 9823
1 9843
1 9849
1 9862
1 9884
1 9899
1 9913
1 9951
1 9967
1 10005
1 10040
1 10057
1 10085
1 10101
1 10135
1 10152
1 10165
1 10174
1 10195
1 10224
1 10264
1 10283
1 10293
1 10302
1 10338
1 10348
1 10367
1 10376
1 10405
1 10421
1 10431
1 10473
1 10486
1 10495
1 10507
1 10527
1 10543
1 10577
1 10651
1 10750
1 10760
1 10893
1 10921
1 10955
1 10988
1 11016
1 11054
1 11190
1 11289
1 11297
1 11360
1 11426
1 11464
